Taxi 0.68421875 0.9629907192982456 0.14937500000000004 0.07116100000000002
Taxi 0.6853125 0.8286685204678363 0.078125 0.12265899999999991
Taxi 0.6827734375 0.40776290643274854 0.02937500000000004 0.025280999999999956
Taxi 0.6846875 0.5291908713450293 0.015625 0.032771000000000015
Taxi 0.7316796875 0.6502567192982456 0.06874999999999998 0.07116100000000009
Taxi 0.7800390625 0.8578583918128655 0.11250000000000004 0.15355800000000003
Taxi 0.782109375 0.7003416257309941 0.07562500000000005 0.09363300000000013
Taxi 0.7970703125 0.4803858947368421 0.02562500000000001 0.027153999999999977
Taxi 0.8 0.4451019298245614 0.03187499999999999 0.019662999999999948
Taxi 0.8178515625 0.6569256959064328 0.06562499999999993 0.07865200000000004
Taxi 0.8296484375 0.4739468713450293 0.02937500000000004 0.03277199999999998
Taxi 0.85671875 0.6275547660818714 0.05625000000000002 0.060860999999999894
Taxi 0.8846875 0.6016328011695906 0.04749999999999999 0.05149799999999998
Taxi 0.9009765625 0.6625436959064328 0.06562499999999993 0.07677900000000001
Taxi 0.89890625 0.45645290643274855 0.03937499999999994 0.02621699999999994
Taxi 0.9100390625 0.5748898128654971 0.050000000000000044 0.046817000000000004
Taxi 0.93234375 0.6232837777777778 0.05499999999999994 0.05617899999999995
Taxi 0.9590625 0.5862407894736842 0.04874999999999996 0.053371
Taxi 0.9808984375 0.5603198245614036 0.030624999999999902 0.04400699999999995
Taxi 0.9930078125 0.5300118947368422 0.011249999999999982 0.029026000000000027
