0 0.2113125306122449 0.789671875 0.033426000000000025 0.028000000000000025
0 0.2277678843537415 0.8226015625 0.055710000000000016 0.03399999999999992
0 0.21966953061224487 0.7638125 0.033426000000000025 0.016000000000000014
0 0.22245453061224493 0.74371875 0.033425999999999984 0.02400000000000002
0 0.23502198639455785 0.7267890625 0.030639999999999955 0.018000000000000016
0 0.24059298639455784 0.709765625 0.030640000000000032 0.020000000000000018
0 0.27078260544217686 0.8605078125 0.06963799999999996 0.04200000000000004
0 0.2898302244897959 0.9724140625 0.108635 0.050000000000000044
0 0.26009098639455785 0.6987421875 0.030641000000000022 0.02200000000000002
0 0.3056340612244898 0.8924609375 0.06685200000000001 0.04600000000000004
0 0.39891560544217686 0.9785546875 0.06963799999999996 0.038000000000000034
0 0.44069860544217687 0.9264609375 0.06963799999999996 0.04599999999999993
0 0.4784638843537415 0.8685546875 0.055711000000000004 0.038000000000000034
0 0.5172042380952382 0.9785546875 0.07799399999999997 0.038000000000000034
0 0.5493985170068028 0.895390625 0.06406700000000008 0.052000000000000046
0 0.5787428843537415 0.8514375 0.0557099999999999 0.04800000000000004
0 0.9402157687074829 0.9343203125 0.11142000000000012 0.05799999999999994
