0 0.0087890625 0.364154718061674 0.018125 0.05550399999999996
0 0.01171875 0.33288200293685755 0.024375 0.042333000000000016
0 0.162265625 0.9016568707782673 0.145 0.19285000000000008
0 0.28625 0.9342614375917768 0.15749999999999997 0.12794000000000008
0 0.33328125 0.8858935859030838 0.13312500000000005 0.20507999999999987
0 0.3434375 0.7332890102790015 0.10999999999999999 0.14675400000000002
0 0.35609375 0.7827344390602056 0.11812500000000004 0.1486359999999999
0 0.3269140625 0.4393447195301028 0.04999999999999999 0.07525899999999998
0 0.3583203125 0.670030295154185 0.08937499999999998 0.13452499999999995
0 0.334296875 0.2601014302496329 0.02812500000000001 0.023518000000000008
0 0.3638671875 0.594726436123348 0.08437499999999998 0.10818400000000013
0 0.3525390625 0.4152534317180616 0.04999999999999999 0.04421400000000009
0 0.3511328125 0.39538357415565345 0.04125000000000001 0.040450999999999966
0 0.355078125 0.37668343171806173 0.03687499999999999 0.04421399999999996
0 0.38265625 0.5089587195301027 0.07187500000000002 0.07525899999999998
0 0.3998046875 0.5647372936857562 0.06875000000000003 0.11382900000000004
0 0.3972265625 0.3341207165932452 0.03500000000000003 0.03480700000000003
0 0.4273046875 0.257806859030837 0.03749999999999998 0.027281000000000003
0 0.47921875 0.7601115800293686 0.11812499999999992 0.12323600000000003
0 0.473046875 0.6368297209985315 0.09125000000000005 0.09501399999999995
0 0.44875 0.3341207165932452 0.03250000000000003 0.03480700000000003
0 0.4626953125 0.5312380058737151 0.05812499999999998 0.08466599999999995
0 0.45578125 0.2592752878120411 0.04062499999999997 0.031043999999999995
0 0.448515625 0.29867143024963294 0.020000000000000018 0.023517999999999966
0 0.482109375 0.5506494331864905 0.07437500000000002 0.06585200000000001
0 0.4614453125 0.31090043024963293 0.02562500000000001 0.02445899999999999
0 0.5234375 0.9193701541850221 0.14249999999999996 0.158984
0 0.486953125 0.5886230058737151 0.06687500000000002 0.08278499999999997
0 0.4790625 0.38849986049926577 0.04750000000000004 0.047977
0 0.4678125 0.2833897151248164 0.015625 0.013170999999999988
0 0.493046875 0.26303828781204114 0.028124999999999956 0.031043999999999995
0 0.5101953125 0.42153971806167406 0.05687499999999995 0.05456299999999998
0 0.5057421875 0.30872071659324524 0.021874999999999978 0.032926000000000004
0 0.52875 0.48649657709251104 0.06375000000000003 0.08184300000000004
0 0.5391796875 0.5316515770925111 0.06937499999999996 0.080903
0 0.5266015625 0.3339368604992658 0.03374999999999995 0.04985900000000001
0 0.5802734375 0.6131278649045522 0.09249999999999992 0.11006599999999993
0 0.583515625 0.6928370102790015 0.083125 0.14487299999999995
0 0.559375 0.34875914537444935 0.03312500000000007 0.03668900000000004
0 0.5911328125 0.37085457562408225 0.041874999999999996 0.06114799999999999
0 0.6340625 0.5391775770925109 0.07937499999999997 0.080903
0 0.6209375 0.39196414684287817 0.04749999999999999 0.058324999999999995
0 0.6678125 0.8556988678414096 0.14187499999999997 0.15051700000000015
0 0.688671875 0.9261390102790014 0.15374999999999994 0.1448730000000001
0 0.6571875 0.5748107195301028 0.07937499999999997 0.07525799999999992
0 0.6591015625 0.49473386196769453 0.06562500000000004 0.0677320000000001
0 0.69671875 0.45070271806167406 0.05624999999999991 0.05550299999999994
0 0.721796875 0.529724718061674 0.05999999999999994 0.053621000000000064
0 0.745859375 0.5635217195301029 0.07437499999999997 0.07431799999999995
0 0.7804296875 0.8068957254038179 0.13124999999999998 0.15616100000000008
0 0.828828125 0.9035378707782673 0.16125 0.190969
0 0.81203125 0.7226422966226138 0.10250000000000004 0.15428000000000003
