0 0.0400390625 0.4819788333333333 0.08125 0.05833399999999996
0 0.058046875 0.46286425 0.059375 0.03916700000000003
0 0.072109375 0.439583 0.04375 0.0625
0 0.16300781250000002 0.5518753333333334 0.10437500000000001 0.13666599999999995
0 0.2774609375 0.6048955 0.17062499999999997 0.20333400000000004
0 0.214375 0.414792 0.0325 0.03250000000000005
0 0.46859375 0.6394788333333333 0.24312499999999998 0.18249999999999997
0 0.3769140625 0.43317675000000005 0.049375 0.05583399999999994
0 0.43171875 0.4666666666666666 0.08687500000000004 0.08416700000000003
0 0.637578125 0.7391663333333334 0.286875 0.29416699999999985
0 0.8590234375 0.8973955 0.28 0.20333400000000004
