0 0.0625 0.5230552222222222 0.126875 0.32111100000000004
0 0.291015625 0.6815282222222222 0.5825 0.6333329999999999
0 0.09128906249999999 0.3239578888888889 0.11250000000000002 0.06111200000000001
0 0.1480078125 0.4102087777777778 0.166875 0.14999999999999997
0 0.1926953125 0.42874955555555555 0.057499999999999996 0.05000000000000002
0 0.25828125 0.4354165555555556 0.071875 0.05000000000000002
0 0.3321484375 0.3538886666666667 0.21687499999999998 0.08666699999999998
0 0.321171875 0.2924302222222222 0.02812500000000001 0.03888900000000003
0 0.3476171875 0.28798622222222225 0.021875000000000033 0.03888899999999998
0 0.701875 0.6713197777777778 0.594375 0.6522219999999999
0 0.46125 0.34062466666666663 0.06312499999999999 0.11555600000000002
0 0.566953125 0.396181 0.22437500000000005 0.28444400000000003
0 0.6839453125 0.31569477777777777 0.05812499999999998 0.118889
0 0.73296875 0.25159766666666666 0.05500000000000005 0.05222200000000004
0 0.7973046875 0.3182634444444445 0.16374999999999995 0.10777799999999996
0 0.8054296875 0.24423633333333333 0.09999999999999998 0.07555499999999998
0 0.9084765625 0.23840266666666665 0.06625000000000003 0.11555600000000005
0 0.910546875 0.2722917777777778 0.06000000000000005 0.088889
0 0.936171875 0.2806948888888889 0.028125000000000067 0.09111100000000001
