0 0.07994758333333334 0.398046875 0.051042 0.028905999999999987
0 0.08046908333333334 0.400390625 0.03437499999999999 0.020311999999999997
0 0.10937466666666668 0.447656 0.054167 0.03281299999999998
0 0.12395833333333332 0.3443359375 0.04375000000000003 0.014061999999999963
0 0.11927083333333333 0.3806640625 0.027083000000000006 0.019530999999999965
0 0.16354133333333334 0.3453125 0.04375000000000001 0.01718799999999998
0 0.15755175 0.3435549375 0.025000000000000022 0.014062000000000019
0 0.19765591666666668 0.361327625 0.030209000000000003 0.020313000000000025
0 0.23645799999999997 0.3734375 0.03125 0.017187000000000008
0 0.3869788333333333 0.776952625 0.15104200000000004 0.11484400000000006
0 0.3359375 0.40781275 0.04791699999999999 0.024218000000000017
0 0.3864583333333333 0.629297125 0.10520800000000004 0.067187
0 0.3861975833333333 0.5345700625 0.08229199999999996 0.04999999999999993
0 0.4817708333333333 0.605859375 0.08958299999999997 0.07578099999999999
0 0.5572913333333332 0.6634770625 0.13750000000000004 0.08046799999999998
0 0.9424475833333332 0.9281255 0.11250000000000011 0.14140599999999992
