Taxi 0.1939453125 0.9120626017569546 0.27562499999999995 0.17338400000000007
Taxi 0.20390625 0.7423202210834554 0.071875 0.07497700000000002
Taxi 0.2298046875 0.6710360614934114 0.03812500000000002 0.04873499999999999
Taxi 0.2729296875 0.683863448023426 0.03749999999999998 0.05717000000000005
Taxi 0.302109375 0.7400353499267937 0.07437499999999997 0.078726
Taxi 0.3169140625 0.646319288433382 0.018750000000000044 0.030927000000000048
Taxi 0.3358203125 0.652352159590044 0.02562500000000001 0.029053999999999927
Taxi 0.336640625 0.631500644216691 0.02062499999999995 0.014995000000000064
Taxi 0.3958203125 0.6147479019033675 0.02562500000000001 0.02155499999999998
Taxi 0.3965625 0.5907907730600294 0.017500000000000016 0.01874399999999997
Taxi 0.4221875 0.5922549019033675 0.017500000000000016 0.020617999999999977
