0 0.123046875 0.8709979999999999 0.24625 0.25293499999999985
0 0.1201171875 0.5588386666666667 0.179375 0.22518700000000005
0 0.24328125 0.3921146666666666 0.07124999999999998 0.10458900000000004
0 0.3272265625 0.323154 0.03437499999999999 0.07150399999999996
0 0.36234375 0.34142833333333333 0.05624999999999997 0.07897500000000003
0 0.4081640625 0.28761333333333333 0.018125000000000002 0.02881499999999998
0 0.421484375 0.3390306666666667 0.043749999999999956 0.06403399999999995
0 0.4287890625 0.28928000000000004 0.018125000000000002 0.030948999999999956
0 0.4396875 0.28761333333333333 0.015625 0.026680999999999955
0 0.4909375 0.48274300000000003 0.109375 0.18036300000000002
0 0.4474609375 0.29888499999999996 0.015000000000000013 0.032017000000000025
0 0.49859375 0.28928000000000004 0.02437499999999998 0.030948999999999956
0 0.9140625 0.37190999999999996 0.109375 0.083245
