0 0.17578125 0.55625 0.35333299999999995 0.375625
0 0.4010416666666667 0.7730859375 0.8024999999999999 0.451875
0 0.24609341666666665 0.2167578125 0.2025 0.10437499999999997
0 0.4403128333333333 0.2657421875 0.30749999999999994 0.179375
0 0.5094791666666667 0.128359375 0.10000000000000002 0.043125
0 0.544792 0.1763671875 0.15750000000000006 0.085625
0 0.5464583333333334 0.1093359375 0.07499999999999996 0.04562500000000001
0 0.5890621666666668 0.0726171875 0.038333999999999945 0.021875000000000006
0 0.6126559166666666 0.064765625 0.029166999999999943 0.020624999999999998
0 0.65776075 0.12015625 0.11833299999999995 0.07187499999999998
0 0.67203125 0.05109375 0.0391670000000001 0.024375
0 0.6921871666666667 0.0925390625 0.06833399999999996 0.04937499999999999
0 0.8344274166666666 0.32414062499999996 0.3275000000000001 0.27125
0 0.8107288333333332 0.115703125 0.12083400000000004 0.068125
0 0.81244825 0.0854296875 0.10250000000000004 0.03749999999999999
0 0.8216666666666667 0.0723828125 0.08416700000000003 0.0425
0 0.95453125 0.12843749999999998 0.03916699999999995 0.08
