0 0.11328125 0.6294791666666666 0.226875 0.10000000000000009
0 0.169921875 0.8111979166666666 0.340625 0.3741670000000001
0 0.259140625 0.6226038333333334 0.14499999999999996 0.089167
0 0.22328125 0.5935416666666667 0.07125000000000004 0.05333299999999993
0 0.399140625 0.7427086666666667 0.3025 0.303333
0 0.324921875 0.576458 0.059374999999999956 0.03250000000000005
0 0.3364453125 0.59369825 0.05687500000000001 0.03916600000000011
0 0.3833203125 0.6023961666666667 0.08875 0.03666599999999994
0 0.495234375 0.6331770833333333 0.13749999999999996 0.09833299999999993
0 0.5575390625 0.63744825 0.08125000000000004 0.10166599999999988
0 0.7236328125 0.763958 0.1975 0.28166699999999995
0 0.6927734375 0.6408336666666666 0.12375000000000003 0.08583300000000005
0 0.840078125 0.83848925 0.3175 0.32083400000000006
0 0.7915625 0.6097395833333333 0.048125000000000084 0.050000000000000044
0 0.8265625 0.6264583333333333 0.08000000000000007 0.07416699999999994
0 0.879140625 0.6415625 0.11375000000000002 0.07916699999999999
0 0.9311328125 0.6529163333333333 0.135625 0.10666700000000007
