0 0.0810546875 0.8826393333333332 0.163194 0.10555500000000013
0 0.2060110625 0.8638886666666666 0.08194499999999999 0.08333400000000009
0 0.237370125 0.8816839166666668 0.129166 0.09351899999999984
0 0.344574875 0.8894964166666668 0.122222 0.1074079999999998
0 0.317490875 0.8525175833333334 0.05972299999999997 0.04999999999999982
0 0.4089189375 0.8584780833333334 0.07638899999999998 0.06759299999999986
0 0.554384125 0.8558445 0.036111000000000004 0.048149
0 0.58654525 0.8631080833333332 0.07083300000000003 0.06759200000000003
0 0.6192486875 0.8488135833333333 0.03750000000000009 0.04999999999999997
0 0.7041015625 0.89696225 0.15902799999999995 0.13425900000000013
0 0.7363935625 0.861806 0.06458300000000006 0.06296300000000003
0 0.84453125 0.8965273333333332 0.16458300000000003 0.10555599999999998
0 0.945790375 0.90130175 0.10625000000000007 0.08796299999999994
