0 0.10182767624020887 0.652135875 0.20375 0.12242999999999993
0 0.18321801566579635 0.5804774375 0.15374999999999997 0.09345799999999993
0 0.24460835509138382 0.5567779375 0.10125 0.07663500000000001
0 0.3195528720626632 0.52080175 0.09875000000000002 0.05514000000000002
0 0.40433093994778074 0.5065729375 0.08749999999999997 0.04672900000000002
0 0.5519712793733681 0.4818543125 0.03499999999999993 0.027102999999999988
0 0.5868309399477807 0.5131574999999999 0.08749999999999997 0.048597999999999975
0 0.6385541775456919 0.493279125 0.04999999999999994 0.03644900000000001
0 0.8427969973890339 0.836875375 0.31000000000000005 0.324299
0 0.7572748041775457 0.533119 0.10875000000000001 0.06355199999999994
