Taxi 0.1513671875 0.65515625 0.303125 0.3208330000000001
Taxi 0.0360546875 0.34671875 0.06874999999999999 0.024166999999999977
Taxi 0.1060546875 0.35255175 0.03875000000000001 0.024166999999999977
Taxi 0.3471484375 0.5777604166666667 0.24937499999999999 0.20166699999999996
Taxi 0.5294531250000001 0.5553128333333334 0.19249999999999995 0.18416600000000005
Taxi 0.6419140625 0.5104684166666668 0.14312499999999995 0.17083399999999985
Taxi 0.6124609375 0.33703125000000006 0.07625000000000004 0.03916699999999999
Taxi 0.72453125 0.4852083333333333 0.10187500000000005 0.13750000000000004
Taxi 0.7688671875 0.4721875 0.08499999999999996 0.11166700000000003
Taxi 0.8144140625 0.44875033333333336 0.08124999999999993 0.10499999999999998
Taxi 0.867109375 0.4273440833333333 0.07500000000000007 0.098333
Taxi 0.8704296875 0.32755175 0.03874999999999995 0.02416700000000005
Taxi 0.89625 0.4069274166666667 0.06312499999999999 0.07583299999999997
Taxi 0.9016796875 0.33255175 0.03749999999999998 0.025833999999999985
Taxi 0.92296875 0.382917 0.055625000000000036 0.06416599999999995
Taxi 0.9333203125 0.36734375 0.05687500000000001 0.055000000000000014
Taxi 0.9483984375 0.34765625 0.06187500000000001 0.07250000000000001
Taxi 0.98671875 0.3138024166666667 0.024375000000000036 0.044999999999999964
