Taxi 0.11641791044776119 0.7457946875 0.235099 0.16257200000000005
Taxi 0.3092452686567164 0.8047775 0.5033110000000001 0.26734099999999994
Taxi 0.3154685820895522 0.6595745625 0.28808 0.12716799999999995
Taxi 0.3007706417910448 0.5997565 0.131347 0.07875699999999997
Taxi 0.4423020895522388 0.6084265 0.16777000000000006 0.07875699999999997
Taxi 0.5437577462686568 0.6668789375 0.26158999999999993 0.139451
Taxi 0.5449639552238806 0.58153475 0.11810099999999996 0.05635800000000002
Taxi 0.7760835223880597 0.9446069375 0.443708 0.10838099999999995
Taxi 0.5845239850746268 0.53989775 0.03973500000000002 0.023844000000000087
Taxi 0.6521660447761194 0.568156125 0.08388499999999999 0.03612700000000002
Taxi 0.7019105223880597 0.5353081875 0.041943 0.022399000000000058
Taxi 0.8479297313432836 0.7690744375 0.30022 0.18713799999999992
Taxi 0.8021518208955224 0.567862875 0.0662249999999999 0.028901999999999983
Taxi 0.8810684626865672 0.6571133125 0.1997789999999999 0.11994299999999991
Taxi 0.8675232686567164 0.590499 0.10264899999999993 0.06358300000000006
