0 0.1603125 0.9719921875 0.14083299999999999 0.053749999999999964
0 0.285417 0.824921875 0.06333300000000004 0.05999999999999994
0 0.3981246666666667 0.9809765625 0.11583399999999999 0.03500000000000003
0 0.40401075000000003 0.6959765625 0.055000000000000014 0.034375000000000044
0 0.4325520833333334 0.7531640625 0.06583299999999996 0.050000000000000044
0 0.42869825 0.6733203125 0.04083300000000004 0.02562500000000001
0 0.4432291666666666 0.6476953125 0.036667000000000005 0.02562500000000001
0 0.4552600833333333 0.6339453125 0.03416700000000006 0.02562500000000001
0 0.4591663333333333 0.688046875 0.04333400000000006 0.02750000000000008
0 0.47369825 0.67125 0.04166600000000006 0.03249999999999997
0 0.5350524166666667 0.818046875 0.1075 0.06000000000000005
0 0.5051559166666667 0.626015625 0.029999999999999954 0.020625000000000004
0 0.5602600833333332 0.5926171875 0.03416700000000006 0.022499999999999964
0 0.6187496666666666 0.8277734375 0.1458340000000001 0.06125000000000003
0 0.5823961666666667 0.6340234375 0.03833300000000003 0.02937500000000004
0 0.5955725833333334 0.7286328125 0.0499999999999999 0.04125000000000001
0 0.5905208333333333 0.52015625 0.027500000000000007 0.008750000000000036
0 0.6129684166666668 0.685078125 0.045833999999999854 0.03562500000000002
0 0.63098925 0.756953125 0.07083400000000006 0.03562500000000002
0 0.6126559166666666 0.5694140625 0.029166999999999943 0.018749999999999933
0 0.6389583333333334 0.7875390625 0.07499999999999989 0.04937499999999995
0 0.63536425 0.577265625 0.03916700000000003 0.020625000000000004
0 0.6419270833333334 0.5209375 0.03416699999999991 0.016874999999999973
0 0.6560940833333334 0.6259765625 0.03416599999999992 0.034375000000000044
0 0.6718746666666666 0.7128515625 0.05250000000000007 0.03437499999999993
0 0.6704684166666667 0.6891796875 0.04499999999999993 0.03749999999999998
0 0.6906250000000002 0.5732421875 0.0324999999999999 0.021874999999999978
0 0.72567675 0.7471875 0.05666700000000002 0.04812499999999997
0 0.7518746666666667 0.8625 0.05416699999999993 0.06312499999999999
0 0.7980211666666667 0.9363671875 0.06833299999999998 0.08499999999999996
0 0.82432325 0.885 0.07083300000000008 0.06312499999999999
0 0.982292 0.8209765625 0.03250000000000005 0.03375000000000006
