Taxi 0.1494140625 0.7855725833333334 0.3 0.425
Taxi 0.08671875 0.6095309166666666 0.14875 0.12333399999999999
Taxi 0.159765625 0.5989586666666668 0.08250000000000002 0.11666599999999994
Taxi 0.2917578125 0.7680211666666666 0.2925 0.4433329999999999
Taxi 0.3080859375 0.57578125 0.13875 0.10333299999999997
Taxi 0.4261328125 0.5715628333333332 0.07374999999999998 0.12000000000000004
Taxi 0.4717578125 0.6017190833333333 0.10500000000000004 0.19166600000000003
Taxi 0.5195703125 0.64276075 0.11999999999999994 0.24333299999999994
Taxi 0.6269921875 0.72421875 0.2725 0.4000000000000001
Taxi 0.792578125 0.76546875 0.41125 0.463333
