Taxi 0.11067708333333333 0.4886328125 0.223333 0.13624999999999998
Taxi 0.36052049999999997 0.5056640625 0.4858340000000001 0.300625
Taxi 0.28083366666666665 0.3778125 0.084166 0.04812500000000003
Taxi 0.28963575 0.363203125 0.08833300000000004 0.036250000000000004
Taxi 0.38557291666666665 0.4130859375 0.09333300000000004 0.04562500000000003
Taxi 0.4486455 0.4248828125 0.14166700000000007 0.073125
Taxi 0.5248958333333333 0.4458203125 0.12083300000000004 0.05812500000000004
Taxi 0.6036458333333333 0.4633203125 0.18250000000000002 0.05812499999999998
Taxi 0.6989579999999999 0.64859375 0.28250000000000014 0.275
Taxi 0.6744274166666666 0.4791796875 0.20083300000000012 0.07
Taxi 0.825208 0.6987890625 0.345834 0.29937500000000006
Taxi 0.8313020833333332 0.5098828125 0.13000000000000003 0.07374999999999998
Taxi 0.9254166666666667 0.553671875 0.14666700000000002 0.1225
Taxi 0.951042 0.8971875 0.09500000000000004 0.20375
