Taxi 0.37036458333333333 0.4669140625 0.20666700000000002 0.11312500000000003
Taxi 0.013020833333333334 0.3073828125 0.028333 0.04125000000000001
Taxi 0.024739583333333332 0.293359375 0.051667 0.044375
Taxi 0.03869825 0.2462890625 0.039166000000000006 0.01937500000000003
Taxi 0.0607295 0.32484375 0.07999999999999999 0.05625000000000002
Taxi 0.05963541666666666 0.2521875 0.04583300000000001 0.015625
Taxi 0.062135416666666665 0.280625 0.04583300000000001 0.03249999999999997
Taxi 0.06109408333333333 0.2381640625 0.03416600000000001 0.018750000000000017
Taxi 0.09640658333333334 0.25894531249999997 0.05000000000000001 0.02562499999999998
Taxi 0.0976045 0.2873046875 0.04750000000000001 0.03750000000000003
Taxi 0.2399996666666667 0.5748046875 0.20916699999999996 0.16249999999999998
Taxi 0.2526038333333333 0.27078125 0.09083400000000004 0.04062500000000002
Taxi 0.29723991666666666 0.3132421875 0.093333 0.05312500000000003
Taxi 0.6787496666666666 0.4994921875 0.2733340000000002 0.11624999999999996
Taxi 0.6711975833333333 0.4258203125 0.20750000000000002 0.08937499999999998
Taxi 0.6400524166666667 0.3622265625 0.10916600000000003 0.06624999999999998
Taxi 0.7457809166666668 0.6200390625 0.3099999999999999 0.17562500000000003
Taxi 0.9092705 0.600625 0.17333399999999996 0.156875
