0 0.791015625 0.8797399166666667 0.3325 0.21749999999999994
0 0.382890625 0.8356774166666666 0.11499999999999999 0.13999999999999999
0 0.4562109375 0.53125 0.044999999999999984 0.06333299999999993
0 0.5134765625 0.53067675 0.034999999999999976 0.05499999999999994
0 0.635 0.61432325 0.06374999999999997 0.07083300000000008
0 0.634765625 0.56432325 0.05249999999999999 0.07249999999999994
0 0.6323828125 0.6724996666666666 0.04250000000000009 0.08583400000000004
0 0.6769921875 0.78213575 0.08499999999999996 0.088333
0 0.69625 0.824167 0.06437499999999996 0.12750000000000009
0 0.70015625 0.7455725833333333 0.07187499999999991 0.051666999999999984
0 0.6934375 0.53703125 0.04874999999999996 0.04083300000000004
0 0.7596875 0.8269794999999999 0.140625 0.14083300000000007
0 0.74 0.61375 0.06312499999999999 0.06416700000000002
0 0.763515625 0.529583 0.051875000000000004 0.06499999999999995
0 0.8344921875 0.7890625 0.08562500000000006 0.07916699999999999
