Taxi 0.431283875 0.45138643051201677 0.24774799999999997 0.17148799999999995
Taxi 0.5340565625 0.4369949926854754 0.158945 0.1253450000000001
Taxi 0.5641984375 0.40039850574712643 0.03024400000000005 0.046144
Taxi 0.60208025 0.41084782654127483 0.07207200000000002 0.06818199999999995
Taxi 0.66174525 0.40595623406478576 0.03989700000000007 0.05509600000000001
Taxi 0.6870611875 0.4114662340647857 0.021878999999999982 0.05440700000000006
Taxi 0.702217875 0.41053962277951933 0.027669999999999972 0.07506899999999998
Taxi 0.750221 0.4165238756530825 0.09459499999999998 0.09779600000000002
Taxi 0.9144108125 0.4790776154649948 0.16795400000000005 0.19834699999999994
Taxi 0.8707759375 0.4129376907001045 0.07721999999999996 0.07162599999999995
