Taxi 0.1755861875 0.6645833333333334 0.303906 0.16874999999999996
Taxi 0.2236328125 0.8598958333333334 0.447656 0.2770829999999999
Taxi 0.6380856875 0.8354163333333333 0.35000000000000003 0.325
Taxi 0.5882815 0.5080732499999999 0.07968699999999995 0.07291600000000005
Taxi 0.7031245 0.5125000000000001 0.07812599999999992 0.06458299999999999
Taxi 0.7591801875 0.4906249999999999 0.0539059999999999 0.0625
Taxi 0.8775388125 0.4606770833333333 0.04140699999999997 0.0364580000000001
Taxi 0.892577625 0.4468750000000001 0.021093999999999946 0.03125
Taxi 0.910546625 0.4338545 0.019531999999999994 0.017707999999999984
Taxi 0.9267580625 0.4216145833333333 0.017969000000000013 0.0208330000000001
Taxi 0.937109375 0.4286455 0.012499999999999956 0.017708999999999975
