0 0.5452734375 0.476224 0.249375 0.25047100000000005
0 0.35515625 0.41003694117647055 0.16562499999999997 0.16572500000000007
0 0.4358984375 0.35532894117647057 0.09187499999999998 0.06591300000000004
0 0.509375 0.3581006470588235 0.06437499999999996 0.03860600000000001
0 0.5910546875 0.41228005882352947 0.13187499999999996 0.13747599999999996
0 0.6084375 0.34715017647058827 0.07937500000000008 0.05649699999999995
0 0.8081640625 0.4735151764705882 0.26875000000000004 0.257063
0 0.7251171875 0.346092 0.08437499999999998 0.052731000000000035
0 0.8074609375 0.3450348235294117 0.07687499999999992 0.045196999999999994
0 0.9215234375 0.7344577058823529 0.15500000000000003 0.526365
