Taxi 0.099609375 0.632 0.2 0.385641
Taxi 0.1552734375 0.48623599999999995 0.31125 0.378461
Taxi 0.2138671875 0.27323100000000006 0.429375 0.29025599999999996
Taxi 0.1887109375 0.133128 0.35875 0.17641
Taxi 0.3373046875 0.081436 0.19499999999999998 0.12820499999999999
Taxi 0.7285546875 0.4973950000000001 0.538125 0.454359
Taxi 0.6936718749999999 0.25817399999999996 0.46625 0.278975
Taxi 0.593671875 0.0304 0.18500000000000005 0.061538
Taxi 0.7869140625 0.667118 0.42437500000000006 0.637949
Taxi 0.7571875 0.0784 0.298125 0.158974
Taxi 0.9028515625 0.0784 0.19125000000000003 0.158974
Taxi 0.935 0.16008200000000003 0.12687499999999996 0.218462
Taxi 0.9587890625 0.200123 0.08062500000000006 0.16820499999999997
