0 0.109375 0.5869691751824818 0.220625 0.23902899999999994
0 0.210859375 0.7867241240875913 0.41875 0.4192340000000001
0 0.1521875 0.5572679343065694 0.079375 0.06255800000000003
0 0.2562890625 0.5991071751824818 0.205625 0.23716199999999996
0 0.323359375 0.5651077226277371 0.10625000000000001 0.12605100000000002
0 0.4707421875 0.6593683357664233 0.2725 0.35574300000000003
0 0.54984375 0.6045394452554744 0.11874999999999997 0.253034
0 0.57375 0.5458411824817518 0.0625 0.09803900000000003
0 0.781875 0.6670383941605839 0.375 0.4341740000000001
0 0.9122265625 0.617507401459854 0.15874999999999995 0.29224999999999995
