0 0.583828125 0.8387496666666667 0.13 0.14833399999999988
0 0.0302734375 0.6582809166666667 0.061875 0.05999999999999991
0 0.209296875 0.6011458333333334 0.09000000000000002 0.05916699999999997
0 0.4977734375 0.4625003333333333 0.06062499999999993 0.043333000000000066
0 0.4972265625 0.4483857500000001 0.034999999999999976 0.025832999999999995
0 0.495546875 0.4101559166666666 0.028749999999999998 0.029167000000000016
0 0.500546875 0.43338575 0.028749999999999998 0.025832999999999995
0 0.5253515625 0.4578642499999999 0.03499999999999992 0.040000000000000036
0 0.5557421875 0.6695833333333333 0.08499999999999996 0.10499999999999998
0 0.5675 0.4458333333333333 0.03312499999999996 0.04416699999999999
0 0.6008203125 0.41921875 0.02562500000000001 0.02416700000000005
0 0.6019140625 0.39244758333333335 0.018124999999999947 0.019167000000000007
0 0.6250390625 0.36828158333333333 0.018125000000000058 0.02083300000000003
0 0.6250390625 0.38968783333333334 0.01937500000000003 0.027500000000000007
0 0.6333984375 0.40588575 0.030000000000000027 0.025832999999999995
0 0.8078515625 0.6646350833333333 0.12749999999999995 0.12916700000000003
0 0.815703125 0.8048434166666666 0.12937500000000002 0.13999999999999999
0 0.816953125 0.44692708333333336 0.036250000000000004 0.035833000000000004
0 0.829921875 0.5683850833333334 0.059374999999999956 0.06583399999999995
0 0.8318359375 0.51901075 0.04500000000000004 0.055000000000000014
0 0.8744140625 0.36828158333333333 0.018125000000000058 0.019165999999999943
