0 0.195390625 0.05540938067349927 0.08374999999999999 0.10225100000000001
0 0.26382812499999997 0.18193612298682285 0.09874999999999998 0.09568499999999999
0 0.348359375 0.16790928257686677 0.10624999999999996 0.12288900000000001
0 0.3548828125 0.29118421522693994 0.10375000000000001 0.16604200000000002
0 0.486875 0.6294308477306003 0.283125 0.36210200000000003
0 0.508515625 0.14990192679355782 0.11375000000000002 0.13696000000000003
0 0.5544140625 0.13919699414348463 0.04999999999999993 0.090994
0 0.670859375 0.534342074670571 0.26312499999999994 0.34427800000000003
0 0.7135546875 0.42413876134699857 0.19500000000000006 0.20075000000000007
0 0.8914453125 0.5429694304538799 0.21437499999999998 0.32833
