0 0.2766015625 0.3960850291970803 0.25375 0.24089700000000003
0 0.512890625 0.6616304233576642 0.45812500000000006 0.6732020000000001
0 0.4472265625 0.31791313868613136 0.128125 0.138188
0 0.550546875 0.2622826204379562 0.08999999999999997 0.08776899999999997
0 0.5934375 0.2495520802919708 0.04875000000000007 0.05975700000000001
0 0.649921875 0.31282132846715327 0.15249999999999997 0.09617199999999998
0 0.6190234375 0.23559810218978103 0.030625000000000013 0.03828200000000002
0 0.658359375 0.24709154014598542 0.07437500000000008 0.031745999999999976
0 0.710234375 0.22829883211678834 0.04375000000000007 0.02520999999999998
0 0.7226953125 0.2796154744525548 0.057499999999999996 0.09337099999999997
0 0.8455078125 0.22346010218978102 0.010624999999999996 0.03828200000000002
0 0.8994921875 0.23793993430656935 0.02312499999999995 0.06349199999999999
0 0.96265625 0.39432107299270075 0.07187500000000002 0.20074700000000004
