Taxi 0.6023896875 0.7552213806734992 0.07008800000000004 0.10131299999999999
Taxi 0.351442625 0.2994074172767203 0.02127699999999999 0.03377100000000001
Taxi 0.417926875 0.3492396749633968 0.02753500000000003 0.039400000000000004
Taxi 0.452970875 0.3852995461200585 0.02878599999999998 0.037523
Taxi 0.4721705625 0.410741803806735 0.03379300000000002 0.041276
Taxi 0.5052895 0.5466937057101026 0.04881099999999999 0.06378999999999986
Taxi 0.498026875 0.37404254612005855 0.02878599999999998 0.037523
Taxi 0.5123728125 0.48080019033674964 0.04255299999999995 0.05065699999999998
Taxi 0.53297575 0.7468484787701317 0.055069000000000035 0.08067499999999998
Taxi 0.54003 0.4117940614934114 0.03129000000000004 0.048779999999999976
Taxi 0.561060625 0.4845521903367496 0.05131399999999997 0.05065699999999998
Taxi 0.554499125 0.43430806149341145 0.036294999999999966 0.048779999999999976
Taxi 0.649523 0.8352569941434848 0.06383000000000005 0.09193199999999992
Taxi 0.7374355 0.6926238345534408 0.07884899999999995 0.06566599999999999
Taxi 0.8002889375 0.8410693499267936 0.076345 0.07879899999999995
Taxi 0.9531311875 0.9673685768667641 0.08510600000000001 0.060038000000000126
Taxi 0.9574360625 0.703468963396779 0.08135099999999995 0.06941799999999997
Taxi 0.9589625 0.9278293806734992 0.07884799999999992 0.10131299999999999
