Taxi 0.6777734375 0.62609375 0.09187500000000004 0.11750000000000001
Taxi 0.2618359375 0.46937466666666666 0.04625000000000001 0.054167
Taxi 0.2771875 0.3812496666666667 0.015625 0.022499999999999964
Taxi 0.29078125 0.5275520833333333 0.040000000000000036 0.06750000000000005
Taxi 0.2819140625 0.3987496666666666 0.019374999999999976 0.02083400000000002
Taxi 0.289296875 0.4268229166666666 0.02749999999999997 0.030833000000000037
Taxi 0.31046875 0.4156250000000001 0.023749999999999993 0.03333299999999998
Taxi 0.3672265625 0.42276008333333337 0.034999999999999976 0.03416699999999998
Taxi 0.4273828125 0.46119825 0.04250000000000004 0.04166600000000006
Taxi 0.520390625 0.4459899166666667 0.05249999999999999 0.030833000000000037
Taxi 0.5571875 0.5749996666666667 0.11125000000000007 0.08583400000000004
