0 0.080078125 0.8485523237410072 0.160625 0.13924100000000003
0 0.201484375 0.8233724676258993 0.074375 0.08745699999999995
0 0.236875 0.8372585179856116 0.12687500000000002 0.12082799999999998
0 0.34484375 0.857110762589928 0.11875000000000002 0.13463700000000015
0 0.3103515625 0.7999911726618705 0.03437499999999999 0.04027599999999992
0 0.41359375 0.8214287841726619 0.05625000000000002 0.07710000000000007
0 0.5514453125 0.8071854172661871 0.026875000000000093 0.05523600000000006
0 0.5886328125 0.8219322230215828 0.073125 0.07249700000000002
0 0.61703125 0.8043809784172662 0.04062500000000002 0.05983900000000012
0 0.70375 0.858124618705036 0.15812499999999996 0.185271
0 0.7340234375 0.8160331007194245 0.06125000000000003 0.06559300000000004
0 0.8437109375 0.864014762589928 0.17062499999999992 0.13463800000000006
0 0.945859375 0.8642279568345324 0.10625000000000007 0.11852700000000017
