Taxi 0.5816330073206442 0.651953125 0.3874289999999999 0.193125
Taxi 0.20303015373352856 0.5803125 0.11819900000000003 0.078125
Taxi 0.23975634992679357 0.59328125 0.078799 0.07187500000000002
Taxi 0.28107550951683746 0.6059375 0.10506600000000003 0.078125
Taxi 0.3797501478770133 0.621796875 0.21013199999999993 0.12124999999999997
Taxi 0.585883411420205 0.5638671875 0.12570399999999995 0.021874999999999978
Taxi 0.8093594919472914 0.7446484375 0.37711099999999986 0.374375
Taxi 0.6820503806734993 0.5719140625 0.10225200000000002 0.018750000000000044
Taxi 0.7233263806734992 0.584609375 0.10225099999999997 0.04437500000000005
Taxi 0.8576220805270864 0.583359375 0.25422200000000017 0.07499999999999996
