0 0.317734375 0.8682945252525253 0.04375000000000001 0.0533980000000001
0 0.349765625 0.930053303030303 0.08249999999999996 0.11003200000000003
0 0.36734375 0.8693982828282828 0.05499999999999999 0.06634299999999993
0 0.361953125 0.8315927676767676 0.036250000000000004 0.03559900000000008
0 0.4307421875 0.8001370202020203 0.021875000000000033 0.04045299999999998
0 0.4465234375 0.8186477676767676 0.030625000000000013 0.038835000000000064
0 0.46484375 0.7821415151515151 0.02437499999999998 0.030745000000000043
0 0.5100390625 0.8026622727272728 0.018125000000000058 0.046925999999999995
0 0.52296875 0.7839560202020203 0.024375000000000036 0.04368899999999996
0 0.6046875 0.7165092626262627 0.015625 0.027508999999999922
