0 0.1298828125 0.7153128333333334 0.260625 0.3083329999999999
0 0.1484375 0.94828125 0.2975 0.1016670000000001
0 0.2360546875 0.58526075 0.25687499999999996 0.24416599999999997
0 0.3509375 0.8508333333333332 0.328125 0.2941670000000001
0 0.3873828125 0.46296875 0.22874999999999995 0.21333300000000008
0 0.459921875 0.6941666666666667 0.27875 0.33416700000000005
0 0.476328125 0.3831770833333334 0.1925 0.22249999999999992
0 0.570546875 0.3153128333333333 0.15374999999999994 0.18249999999999997
0 0.613359375 0.5757815833333333 0.19999999999999996 0.27
0 0.664453125 0.47036458333333336 0.1925 0.20833300000000002
0 0.6373046875 0.25906216666666665 0.13124999999999998 0.161667
0 0.6983203125 0.18989583333333335 0.12 0.12
0 0.7457421875 0.36015658333333334 0.17812499999999998 0.23750000000000004
0 0.7396875 0.13041633333333333 0.11124999999999996 0.105
0 0.798125 0.28249966666666665 0.15625 0.20999999999999996
0 0.8300390625 0.10098958333333334 0.11249999999999993 0.1125
0 0.8593359375 0.24197883333333334 0.13937499999999992 0.1825
0 0.881328125 0.04296875 0.09937499999999999 0.088333
0 0.909921875 0.19937533333333335 0.12124999999999997 0.13749999999999998
0 0.9275 0.1378125 0.125 0.141667
0 0.9345703125 0.024739583333333332 0.08937499999999998 0.050832999999999996
0 0.9746875 0.09265658333333333 0.04812499999999997 0.11416599999999999
