Taxi 0.1963116875 0.6518455824175824 0.16252100000000003 0.16569499999999995
Taxi 0.253287625 0.5701362857142857 0.08291899999999999 0.07234600000000001
Taxi 0.272544 0.536564021978022 0.06301800000000002 0.04667400000000002
Taxi 0.2899938125 0.5168598901098901 0.04228799999999999 0.032671999999999986
Taxi 0.3477224375 0.6285676923076923 0.09286900000000003 0.13652300000000003
Taxi 0.3387858125 0.5478925274725275 0.07379799999999997 0.05717599999999998
Taxi 0.3342349375 0.5211136373626374 0.046435000000000004 0.02567100000000001
Taxi 0.331840125 0.511572010989011 0.036484000000000016 0.023338000000000025
Taxi 0.401012625 0.554554032967033 0.05141000000000001 0.06767800000000002
Taxi 0.44796225 0.6014493076923078 0.10198999999999997 0.11785299999999993
Taxi 0.462427 0.5449386483516484 0.06301900000000005 0.049007999999999906
Taxi 0.532833375 0.5869602967032967 0.10696599999999995 0.09451499999999999
Taxi 0.5210970625 0.5314827692307693 0.04892200000000002 0.03850599999999995
Taxi 0.5566045 0.5303157692307693 0.047264000000000084 0.039672999999999965
Taxi 0.6016941875 0.5777581648351648 0.08540599999999998 0.08167999999999997
Taxi 0.5998700625 0.52269489010989 0.04892200000000002 0.030338000000000108
Taxi 0.642545375 0.5224872637362638 0.04477600000000004 0.029172000000000062
Taxi 0.66202225 0.5742571648351649 0.07048100000000002 0.08051400000000009
Taxi 0.6877640625 0.511572010989011 0.04892200000000002 0.024505000000000044
Taxi 0.7041626875 0.5586749120879121 0.06965200000000005 0.07467899999999991
Taxi 0.727897 0.5088247582417582 0.03233799999999998 0.01750300000000009
Taxi 0.748441625 0.5492661538461538 0.051409999999999956 0.05950999999999994
Taxi 0.7831200625 0.544052032967033 0.04892300000000005 0.066511
Taxi 0.8171170625 0.5348499010989011 0.05058099999999999 0.05484300000000007
Taxi 0.843154 0.534230021978022 0.03316700000000006 0.04550799999999998
