Taxi 0.606171875 0.82095877124183 0.08999999999999997 0.10878700000000009
Taxi 0.27261718749999997 0.7312110130718955 0.08499999999999999 0.09707100000000002
Taxi 0.297421875 0.6585173594771242 0.058750000000000024 0.061925000000000036
Taxi 0.36734375 0.7700718235294118 0.08749999999999997 0.09455999999999998
Taxi 0.3974609375 0.6526593594771242 0.04625000000000001 0.06192499999999996
Taxi 0.4110546875 0.6095658431372548 0.03749999999999998 0.040168
Taxi 0.4183203125 0.5700280849673202 0.02562500000000001 0.030962000000000055
Taxi 0.4609375 0.6592499803921569 0.046875 0.05690400000000002
Taxi 0.4514453125 0.5510435163398693 0.026875000000000038 0.022593999999999975
Taxi 0.4573046875 0.5969094640522876 0.03750000000000003 0.035984
Taxi 0.4787890625 0.7915117189542483 0.08125000000000004 0.12050200000000001
Taxi 0.4468359375 0.5333661372549019 0.015000000000000013 0.016736000000000088
Taxi 0.470703125 0.6188752222222222 0.036250000000000004 0.046861999999999904
Taxi 0.4642578125 0.5321633267973856 0.011250000000000038 0.019246000000000058
Taxi 0.4744140625 0.5493695163398693 0.018125000000000002 0.02092100000000002
Taxi 0.4833984375 0.5767220849673204 0.029374999999999984 0.030961999999999906
Taxi 0.4918359375 0.5443485163398694 0.015000000000000013 0.022593999999999975
Taxi 0.497109375 0.5245279477124183 0.013124999999999998 0.014225999999999968
Taxi 0.5087109375 0.529182137254902 0.015000000000000013 0.015898999999999996
Taxi 0.526875 0.611239843137255 0.03187499999999999 0.040166999999999925
