Taxi 0.575078125 0.5863887777777779 0.193125 0.431111
Taxi 0.126953125 0.6168052222222222 0.255625 0.51
Taxi 0.0633984375 0.27638888888888885 0.123125 0.15444399999999997
Taxi 0.14484375 0.3602777777777778 0.21125 0.182222
Taxi 0.1901171875 0.21659755555555554 0.084375 0.08222199999999999
Taxi 0.321953125 0.6386115555555556 0.34875 0.4866659999999999
Taxi 0.21640625 0.17208355555555555 0.071875 0.05000000000000002
Taxi 0.2127734375 0.24659755555555554 0.06187500000000001 0.08000000000000002
Taxi 0.289609375 0.36083366666666666 0.16812500000000002 0.208889
Taxi 0.39328125 0.2864581111111111 0.07187499999999997 0.12999999999999998
Taxi 0.38453125 0.16541655555555554 0.04062500000000002 0.05000000000000002
Taxi 0.38578125 0.20034744444444444 0.03937499999999999 0.047778
Taxi 0.464140625 0.3120828888888889 0.145625 0.21555599999999997
Taxi 0.425625 0.1599997777777778 0.0625 0.058889
Taxi 0.492421875 0.1817358888888889 0.028124999999999956 0.06111099999999999
Taxi 0.531484375 0.24131900000000003 0.07562499999999994 0.09555599999999997
Taxi 0.513203125 0.1566667777777778 0.03562500000000002 0.058889
Taxi 0.552890625 0.19375044444444445 0.05125000000000002 0.07777700000000001
Taxi 0.573515625 0.16805522222222222 0.05125000000000002 0.071111
Taxi 0.6054296875 0.3441668888888889 0.10124999999999995 0.154444
Taxi 0.6250390625 0.24715322222222222 0.08187500000000003 0.163333
Taxi 0.6051171875 0.1660416666666667 0.022499999999999964 0.05333299999999998
Taxi 0.643984375 0.16652755555555554 0.04437499999999994 0.051111000000000004
Taxi 0.65703125 0.16159766666666667 0.040000000000000036 0.05222199999999999
Taxi 0.7119140625 0.193542 0.050000000000000044 0.095555
Taxi 0.8496875 0.6145834444444443 0.265625 0.45333300000000004
Taxi 0.793671875 0.1718051111111111 0.05874999999999997 0.035556
Taxi 0.839375 0.22027822222222224 0.0625 0.071111
Taxi 0.8981640625 0.3166663333333333 0.11312499999999992 0.166667
Taxi 0.8797265625 0.17847188888888887 0.06562499999999993 0.091111
Taxi 0.941640625 0.469653 0.114375 0.34555500000000006
Taxi 0.9391015625 0.16826366666666667 0.06625000000000003 0.054445
Taxi 0.95609375 0.28229133333333334 0.08625000000000005 0.19999999999999998
