Taxi 0.5109245294117647 0.776565125 0.219676 0.129359
Taxi 0.11323529411764706 0.78929825 0.228271 0.13316400000000006
Taxi 0.18938547058823532 0.6897790625 0.133716 0.112873
Taxi 0.32116123529411766 0.6185555625 0.241643 0.09575100000000003
Taxi 0.3440080588235294 0.922081875 0.23686699999999994 0.15345599999999993
Taxi 0.3496472352941176 0.5612820625 0.19293200000000008 0.08053299999999997
Taxi 0.3856541764705882 0.5180608125 0.208213 0.07355699999999998
Taxi 0.4223114117647059 0.47015925 0.197708 0.07165500000000008
Taxi 0.6463073529411765 0.6364118125 0.16236900000000004 0.10399499999999995
Taxi 0.750931 0.9304138125 0.350526 0.13633499999999998
Taxi 0.6380599411764706 0.337375625 0.11556799999999996 0.05136299999999999
Taxi 0.6290840588235294 0.453571 0.08691499999999998 0.063411
Taxi 0.6720953529411764 0.4183524375 0.16236899999999996 0.06150899999999998
Taxi 0.7678182352941176 0.543234625 0.14135599999999998 0.08243500000000004
Taxi 0.8244124117647058 0.8124688125 0.19770800000000008 0.13506600000000002
Taxi 0.8399511764705881 0.46952525 0.10792800000000013 0.07165500000000002
Taxi 0.8706518823529411 0.412835625 0.08213900000000014 0.05263100000000004
Taxi 0.9319458823529412 0.70983075 0.13180499999999995 0.11794500000000008
Taxi 0.936614411764706 0.182397 0.04871099999999979 0.03234000000000001
Taxi 0.9668903529411763 0.6015869375 0.06303700000000009 0.10906799999999994
Taxi 0.9762138235294117 0.5024992500000001 0.04489000000000006 0.07038700000000003
