0 0.099609375 0.9579944787701319 0.199375 0.0806
0 0.145078125 0.686228130307467 0.285625 0.480787
0 0.5378125 0.7299785783308931 0.703125 0.5370200000000002
0 0.403515625 0.5440864363103953 0.39562500000000006 0.23805099999999996
0 0.368125 0.3995396749633968 0.0625 0.038425999999999995
0 0.6701953125 0.4393647672035139 0.12062499999999998 0.10871599999999997
0 0.7725 0.45500415373352854 0.188125 0.11902500000000003
0 0.8632421875 0.6459320688140556 0.271875 0.43392700000000006
0 0.839765625 0.40164719033674967 0.05249999999999999 0.050608999999999994
0 0.923046875 0.44510896339677897 0.15249999999999997 0.06747899999999996
