Taxi 0.1901171875 0.76994825 0.11624999999999999 0.10416600000000005
Taxi 0.0166015625 0.7534899166666666 0.03375 0.029166000000000025
Taxi 0.0566015625 0.7194788333333334 0.06625 0.05916699999999997
Taxi 0.235859375 0.7078128333333332 0.07499999999999998 0.05833300000000019
Taxi 0.25765625000000003 0.7321871666666667 0.071875 0.06833399999999996
Taxi 0.3004296875 0.7028128333333333 0.07 0.058333000000000045
Taxi 0.4256640625 0.5516145833333334 0.01937500000000003 0.020832999999999952
Taxi 0.4737890625 0.5799475833333334 0.018125000000000002 0.018333999999999923
Taxi 0.5453125 0.5932815833333334 0.015625 0.019165999999999943
Taxi 0.571640625 0.60838575 0.020625000000000004 0.025833000000000144
Taxi 0.6481640625 0.6087496666666666 0.018124999999999947 0.022499999999999964
Taxi 0.836484375 0.7139065833333333 0.07500000000000007 0.04999999999999997
Taxi 0.9266796875 0.7455211666666667 0.10125000000000006 0.06916600000000006
Taxi 0.9816015625 0.7382809166666666 0.034375000000000044 0.06166700000000006
