Taxi 0.4519921875 0.7192582131715771 0.398125 0.4827969999999999
Taxi 0.0419921875 0.36205868110918543 0.085 0.12541599999999997
Taxi 0.1067578125 0.34505998786828423 0.104375 0.13651500000000003
Taxi 0.24015625 0.30962127209705376 0.071875 0.11209799999999993
Taxi 0.4774609375 0.24283214731369152 0.044999999999999984 0.075472
Taxi 0.6953125 0.35982131715771226 0.11062499999999997 0.18202000000000007
Taxi 0.6993359375 0.26537984055459274 0.07687500000000003 0.06548300000000001
Taxi 0.88453125 0.6275835545927211 0.22812500000000002 0.3940059999999999
Taxi 0.866875 0.3068554540727903 0.09500000000000008 0.08656999999999998
Taxi 0.9284375 0.37224380589254763 0.11062499999999997 0.16426200000000002
