Taxi 0.273046875 0.8709371666666668 0.46624999999999994 0.2566669999999999
Taxi 0.1859375 0.7853125 0.204375 0.141667
Taxi 0.6171875 0.7143229166666666 0.04749999999999999 0.029167000000000165
Taxi 0.684765625 0.7476038333333334 0.083125 0.09083399999999993
Taxi 0.734375 0.725625 0.03125 0.03250000000000005
Taxi 0.795234375 0.22796874999999997 0.13812499999999994 0.08750000000000006
Taxi 0.792265625 0.20989616666666666 0.08374999999999999 0.03833300000000003
Taxi 0.769375 0.71671875 0.03125 0.025832999999999995
Taxi 0.791640625 0.7154166666666666 0.020625000000000004 0.022500000000000114
Taxi 0.9151953125 0.20171875000000003 0.02562500000000001 0.025832999999999995
