Taxi 0.8444140625 0.93442675 0.29937500000000006 0.11750000000000016
Taxi 0.0087890625 0.87151075 0.01875 0.055000000000000014
Taxi 0.0211328125 0.8600003333333334 0.042499999999999996 0.042499999999999837
Taxi 0.0577734375 0.8798955 0.061875 0.07916699999999999
Taxi 0.11546875 0.8590621666666668 0.08625000000000001 0.03749999999999994
Taxi 0.223203125 0.9011975833333333 0.09812500000000002 0.08083400000000014
Taxi 0.2316796875 0.853958 0.06874999999999998 0.033333999999999975
Taxi 0.3415234375 0.9243225833333334 0.185625 0.1133339999999999
Taxi 0.313828125 0.869583 0.09812499999999996 0.06416700000000002
Taxi 0.377109375 0.8551559166666668 0.07499999999999996 0.03083399999999988
Taxi 0.4321875 0.8819274166666666 0.11062499999999997 0.07583300000000011
Taxi 0.5634375 0.934167 0.29687500000000006 0.12750000000000009
Taxi 0.626796875 0.89046875 0.18437499999999996 0.08750000000000006
Taxi 0.9278125 0.8728128333333333 0.14187499999999997 0.058333000000000045
