0 0.7708203125 0.6057288333333334 0.33875 0.36999999999999994
0 0.15769531250000002 0.4845833333333333 0.150625 0.10499999999999998
0 0.4019921875 0.46432325 0.08500000000000002 0.070833
0 0.459296875 0.4607809166666667 0.05937500000000001 0.06166699999999999
0 0.5001171875 0.4567190833333334 0.05437499999999995 0.06666599999999996
0 0.52578125 0.4518746666666667 0.040000000000000036 0.05333399999999999
0 0.5655859375 0.4466149166666667 0.04562500000000003 0.060832999999999915
0 0.5909765625 0.44369825 0.03375000000000006 0.040832999999999973
0 0.616328125 0.4390621666666667 0.036250000000000004 0.03749999999999994
0 0.6403515625 0.43213541666666666 0.03437499999999993 0.046667000000000014
0 0.6575 0.42489616666666663 0.03187499999999999 0.03750000000000001
0 0.869375 0.5198955 0.125625 0.205
0 0.9128515625 0.49536425 0.09687500000000004 0.16583399999999995
0 0.945625 0.4764059166666667 0.06312499999999999 0.09333400000000003
