0 0.1400523560209424 0.7119140625 0.28057 0.08187500000000003
0 0.1307257382198953 0.739765625 0.19263000000000002 0.08250000000000002
0 0.3602983141361257 0.5340625 0.071189 0.04749999999999999
0 0.5288266701570681 0.8103125 0.35259599999999997 0.109375
0 0.3878315130890052 0.493828125 0.06616400000000003 0.03624999999999995
0 0.39050001047120414 0.508359375 0.052763000000000046 0.044375
0 0.42107121465968583 0.560703125 0.07537700000000008 0.03562500000000002
0 0.46189961256544504 0.49546875 0.06365100000000001 0.024375000000000036
0 0.49754210471204197 0.5180078125 0.02512599999999998 0.04124999999999995
0 0.5559078062827225 0.4451953125 0.03182599999999994 0.026874999999999982
0 0.5719763036649215 0.4383203125 0.018425999999999953 0.02562500000000001
0 0.7906961465968586 0.695390625 0.235344 0.08374999999999999
