0 0.7037109375 0.8487000364963503 0.07656299999999994 0.1004680000000001
0 0.10898387500000001 0.7894160583941606 0.12187499999999998 0.07943899999999997
0 0.3095708125 0.8454910583941606 0.07343699999999997 0.07943899999999997
0 0.3123046875 0.7978890802919708 0.07031199999999999 0.06074699999999991
0 0.3314448125 0.6652979562043796 0.042188 0.042055999999999906
0 0.3593745 0.8717747664233576 0.07968800000000004 0.08644900000000005
0 0.397265125 0.8434443284671533 0.06718800000000003 0.09579399999999995
0 0.4125 0.8180367664233577 0.0625 0.08644899999999989
0 0.4955073125 0.5753465401459854 0.026563000000000003 0.030372999999999973
0 0.5509770625 0.6039672481751824 0.050000000000000044 0.03504600000000007
