0 0.9074873125 0.8945607613469986 0.18333299999999997 0.20000000000000004
0 0.01953125 0.48217606149341147 0.039167 0.047499999999999994
0 0.299609375 0.5211401903367496 0.07500000000000001 0.05249999999999994
0 0.362890625 0.5257119326500732 0.05249999999999999 0.044999999999999936
0 0.4535283125 0.5071412884333821 0.025834000000000024 0.03125000000000008
0 0.4535283125 0.5361054172767203 0.026667000000000052 0.03249999999999999
0 0.5183984374999999 0.5584260614934115 0.09333300000000005 0.04874999999999998
0 0.570754875 0.5855325768667643 0.09166700000000005 0.05999999999999994
0 0.5932939375 0.549247803806735 0.04583399999999993 0.042500000000000045
0 0.6374091875 0.5117130307467057 0.021666000000000074 0.02375000000000008
0 0.8687890625 0.5955325768667643 0.14416700000000005 0.06124999999999993
