Taxi 0.203125 0.8355381727672034 0.406875 0.3245779999999999
Taxi 0.2314453125 0.5939058228404099 0.464375 0.24765500000000001
Taxi 0.058515625 0.5479485402635432 0.114375 0.12664099999999995
Taxi 0.44390625 0.5405577979502195 0.16562499999999997 0.134146
Taxi 0.4173828125 0.4985099326500732 0.041874999999999996 0.04596600000000004
Taxi 0.633046875 0.6137642401171303 0.30874999999999997 0.2786110000000001
Taxi 0.5133203125 0.5039545768667643 0.05812499999999998 0.05909900000000001
Taxi 0.5562890625 0.5368047979502196 0.14375000000000004 0.13226999999999994
Taxi 0.79015625 0.54071521522694 0.13437500000000002 0.166041
Taxi 0.7542578125 0.4781695461200586 0.04249999999999998 0.03658599999999995
Taxi 0.8190234375 0.48743628843338216 0.030625000000000013 0.03001899999999998
Taxi 0.8530078125 0.4964495768667643 0.041874999999999996 0.05909900000000001
Taxi 0.8805859375 0.5221203499267936 0.07687500000000003 0.07879900000000004
Taxi 0.958984375 0.5068828345534406 0.07437499999999997 0.06660400000000004
Taxi 0.9915625 0.47711828843338216 0.015625 0.030955999999999984
