0 0.3046875 0.7231253333333334 0.266875 0.19916599999999995
0 0.1146484375 0.7004163333333334 0.21812499999999999 0.23083400000000007
0 0.4579296875 0.7221878333333334 0.22625 0.15333300000000008
0 0.5329296875 0.6905725833333333 0.22624999999999995 0.17583400000000005
0 0.6805078125 0.6892711666666668 0.1975 0.13083299999999998
0 0.8046875 0.68328125 0.140625 0.10333299999999997
0 0.792265625 0.7033336666666666 0.11375000000000002 0.08499999999999996
0 0.893359375 0.6844274166666667 0.13812500000000005 0.07749999999999997
0 0.8896875 0.70598925 0.08000000000000007 0.071667
0 0.951875 0.6886975833333334 0.09437499999999999 0.08249999999999987
0 0.980703125 0.6659899166666666 0.036250000000000004 0.03083299999999996
