Taxi 0.1064453125 0.8651357979502196 0.21375 0.13227000000000003
Taxi 0.0498046875 0.8237273191800879 0.100625 0.053471000000000074
Taxi 0.210703125 0.8320560614934113 0.06812500000000002 0.04784300000000022
Taxi 0.2340234375 0.843769092240117 0.09187500000000004 0.0731710000000001
Taxi 0.2635546875 0.84774960761347 0.10125 0.08442800000000011
Taxi 0.33199218750000004 0.8598745095168374 0.17937499999999998 0.10412800000000014
Taxi 0.3873046875 0.8257876749633968 0.06937499999999996 0.040337999999999936
Taxi 0.4314453125 0.8481614787701317 0.08875 0.0806760000000002
Taxi 0.509765625 0.8492137364568082 0.14500000000000002 0.08630400000000006
Taxi 0.5573046875 0.8257876749633968 0.03750000000000009 0.03846199999999999
Taxi 0.591875 0.8400170922401171 0.06312499999999999 0.07129499999999998
Taxi 0.6458203125 0.8441819633967789 0.1193749999999999 0.06754199999999994
Taxi 0.69296875 0.8314166749633968 0.05499999999999994 0.04033700000000014
Taxi 0.70984375 0.8433130614934115 0.024375000000000036 0.047842999999999886
