0 0.2177734375 0.48489142105263155 0.43625 0.9005629999999999
0 0.399375 0.257820432748538 0.15750000000000003 0.395872
0 0.5458203125 0.26717343859649123 0.0893750000000001 0.144465
0 0.582265625 0.2574033216374269 0.05249999999999999 0.174484
0 0.6350390625 0.20438162573099417 0.050000000000000044 0.09568499999999999
0 0.67296875 0.2511164619883041 0.05500000000000005 0.13508399999999998
0 0.7619921875 0.34302666666666665 0.14750000000000008 0.33583499999999994
0 0.7103515625 0.21437169590643274 0.03375000000000006 0.07692299999999999
0 0.8516015625 0.2557462748538012 0.06562500000000004 0.185741
0 0.885546875 0.2073056023391813 0.028750000000000053 0.09943800000000001
0 0.915234375 0.24251469590643276 0.043749999999999956 0.08067499999999997
0 0.956484375 0.23191555555555554 0.043749999999999956 0.11632300000000004
0 0.9752734375 0.20564955555555556 0.02937500000000004 0.11444599999999998
0 0.9900390625 0.21227674269005847 0.018125000000000058 0.06941800000000001
