Taxi 0.33296875 0.84484375 0.6174999999999999 0.306667
Taxi 0.0810546875 0.8382809166666666 0.163125 0.3116670000000001
Taxi 0.083984375 0.6845309166666667 0.16875 0.12333399999999999
Taxi 0.25765625000000003 0.7287496666666667 0.290625 0.14666699999999988
Taxi 0.296484375 0.652917 0.168125 0.0650000000000001
Taxi 0.3691796875 0.6373961666666667 0.06874999999999998 0.03666600000000001
Taxi 0.4521875 0.68526075 0.17312500000000003 0.11833299999999995
Taxi 0.420234375 0.6279166666666667 0.07500000000000001 0.022499999999999964
Taxi 0.6040234375 0.7853121666666666 0.218125 0.2250000000000001
Taxi 0.5271484375 0.65401075 0.060624999999999984 0.05666599999999988
Taxi 0.5494140625 0.6439065833333334 0.04937499999999995 0.05166599999999999
Taxi 0.614140625 0.6514065833333333 0.08374999999999999 0.04999999999999997
Taxi 0.681875 0.71140625 0.12687499999999996 0.13499999999999993
Taxi 0.693125 0.6441663333333333 0.03249999999999997 0.04249999999999998
Taxi 0.742734375 0.6855729166666666 0.07500000000000007 0.09333300000000004
Taxi 0.7479296875 0.6610934166666667 0.06937499999999996 0.07749999999999997
Taxi 0.793515625 0.6480211666666666 0.05125000000000002 0.06916599999999991
