Taxi 0.240703125 0.5252600833333333 0.16187500000000002 0.15916699999999998
Taxi 0.0244140625 0.3427086666666666 0.050625 0.053333
Taxi 0.3391796875 0.46187533333333336 0.13187500000000002 0.13749999999999996
Taxi 0.4715234375 0.4813020833333333 0.15499999999999997 0.12916700000000003
Taxi 0.7826953125 0.2400520833333333 0.05687500000000001 0.06583299999999999
Taxi 0.830078125 0.2521871666666667 0.0675 0.068334
Taxi 0.8341015625 0.16552083333333334 0.03374999999999995 0.027500000000000007
Taxi 0.87609375 0.23317675000000002 0.055625000000000036 0.05666700000000002
Taxi 0.8658984375 0.13265591666666665 0.030000000000000027 0.03083400000000001
Taxi 0.884453125 0.17203125 0.036250000000000004 0.04
Taxi 0.8788671875 0.10088575 0.021874999999999978 0.025833000000000012
Taxi 0.8978125 0.21796841666666666 0.046875 0.046667000000000014
Taxi 0.901171875 0.12338575 0.028125000000000067 0.025833000000000012
Taxi 0.9197265625 0.20322916666666666 0.03500000000000003 0.03833300000000003
Taxi 0.9272265625 0.1590621666666667 0.03374999999999995 0.03749999999999998
Taxi 0.9291796875 0.19119825 0.03749999999999998 0.039166
