0 0.043088625 0.6596409375 0.08223899999999999 0.04630299999999998
0 0.102281875 0.8831016875 0.090532 0.0380100000000001
0 0.16411925 0.9633583125 0.10158900000000001 0.05666899999999997
0 0.303147125 0.96721975 0.098825 0.055285999999999946
0 0.390224125 0.7916389375 0.09951600000000005 0.046301999999999954
0 0.4982875625 0.31919225 0.03455400000000003 0.07049099999999997
0 0.5140626875000001 0.2360965625 0.038010000000000044 0.06634400000000001
0 0.5304089375 0.491602625 0.04561100000000007 0.08224000000000004
0 0.5833675 0.7274878125 0.11057399999999995 0.041464999999999974
0 0.7471545 0.8078185 0.11126499999999995 0.04768499999999998
0 0.938224875 0.7644461875 0.12163100000000004 0.053212999999999955
0 0.9754669375 0.6901688125 0.04630299999999998 0.042848
