Taxi 143.31471 794.624 167.88282 823.296
Taxi 147.40939500000002 825.344 188.35624500000003 860.16
Taxi 149.45710499999998 774.144 174.025215 790.528
Taxi 151.50408000000002 749.568 176.07219 774.144
Taxi 161.74116 735.232 184.26155999999997 753.664
Taxi 165.835845 716.8 188.35624500000003 737.28
Taxi 174.025215 860.16 225.20914499999998 903.168
Taxi 174.025215 970.752 253.87194 1021.952
Taxi 180.166875 704.512 202.68801000000002 727.04
Taxi 200.641035 890.88 249.777255 937.984
Taxi 268.20297 983.04 319.38689999999997 1021.952
Taxi 298.913475 925.696 350.097405 972.8
Taxi 331.670955 870.4 372.61854 909.312
Taxi 352.14511500000003 983.04 409.470705 1021.952
Taxi 380.80791 890.88 427.89715500000005 944.128
Taxi 405.37602000000004 847.872 446.32286999999997 897.024
Taxi 651.05859 927.744 732.9522900000001 987.136
