Taxi 0.0 209.279808 129.92 394.23974400000003
Taxi 0.0 210.56025599999998 596.48 575.360064
Taxi 36.48 169.599744 151.68 204.800256
Taxi 66.56 193.280256 237.44 279.680256
Taxi 168.32 232.959744 227.2 261.759744
Taxi 228.48 236.799936 302.08 265.599936
Taxi 229.12 179.839872 451.2 229.760064
Taxi 314.88 157.439808 343.68 179.839872
Taxi 344.96 154.880064 367.36 177.280128
Taxi 414.72 199.680192 1023.36 575.360064
Taxi 440.32 163.199808 504.96 229.760064
Taxi 466.56 147.200256 696.32 311.04
Taxi 671.36 147.840192 730.88 216.320256
Taxi 722.56 129.920256 778.88 160.00012800000002
Taxi 733.44 152.31974400000001 901.12 214.399872
Taxi 773.76 119.680128 876.16 163.199808
Taxi 897.28 104.319936 965.12 170.88019200000002
Taxi 902.4 131.840064 963.84 183.040128
Taxi 944.64 135.68025599999999 973.44 188.160192
