Taxi 0.0 447.59880000000004 252.16 599.3598
Taxi 32.0 268.3032 215.68 403.41540000000003
Taxi 213.12 204.26879999999997 286.08 267.0222
Taxi 318.08 172.8924 353.28 215.79479999999998
Taxi 343.04 181.857 400.64 229.24200000000002
Taxi 408.96 164.568 427.52 181.857
Taxi 409.6 184.41840000000002 454.4 222.8388
Taxi 430.08 164.568 448.64 183.13739999999999
Taxi 442.24 164.568 458.24 180.57659999999998
Taxi 446.72 235.6458 558.72 343.8636
Taxi 451.2 170.331 466.56 189.5412
Taxi 498.56 164.568 523.52 183.13739999999999
Taxi 880.0 199.146 992.0 249.093
