Taxi 0.0 445.43999999999994 232.32 522.24
Taxi 0.0 480.0 348.8 767.360256
Taxi 191.36 444.159744 339.84 512.64
Taxi 192.64 435.84000000000003 265.6 476.799744
Taxi 254.72 454.400256 564.48 687.36
Taxi 302.72 430.719744 363.52 455.679744
Taxi 315.52 440.96025599999996 373.76 471.03974400000004
Taxi 347.52 448.640256 438.4 476.799744
Taxi 437.12 449.28 577.92 524.7997439999999
Taxi 529.92 450.56025600000004 613.12 528.639744
Taxi 640.0 478.719744 842.24 695.04
Taxi 646.4 460.160256 773.12 526.08
Taxi 698.24 520.959744 1023.36 767.360256
Taxi 786.56 449.28 835.84 487.68
Taxi 806.4 453.12 888.32 510.08025599999996
Taxi 842.24 462.72 958.72 523.520256
Taxi 884.48 461.43974399999996 1023.36 543.36
