Taxi 0.0 637.8670079999999 167.110656 718.933248
Taxi 169.955328 631.466496 253.867008 695.4670080000001
Taxi 177.067008 642.1332480000001 309.332992 713.95584
Taxi 290.844672 642.1332480000001 416.0 724.6225919999999
Taxi 295.110656 635.733504 356.267008 674.1335039999999
Taxi 379.732992 634.3111680000001 457.955328 686.222592
Taxi 549.689344 639.288576 586.667008 676.267008
Taxi 564.622336 637.8670079999999 637.155328 689.777664
Taxi 615.110656 632.888832 653.510656 671.288832
Taxi 640.0 637.8670079999999 802.844672 740.97792
Taxi 721.067008 637.8670079999999 787.2 686.222592
Taxi 780.8 648.5329919999999 949.332992 729.5999999999999
Taxi 914.489344 659.199744 1023.289344 726.755328
