Taxi 0.0 380.15999999999997 310.4 626.559744
Taxi 1.92 257.28000000000003 72.32 275.840256
Taxi 89.6 261.759744 129.28 280.32
Taxi 228.48 366.71999999999997 483.84 521.600256
Taxi 444.16 356.480256 641.28 497.91974400000004
Taxi 584.32 327.03974400000004 730.88 458.24025599999993
Taxi 588.16 243.84 666.24 273.920256
Taxi 689.92 320.64 794.24 426.24
Taxi 744.32 320.64 831.36 406.400256
Taxi 792.96 304.640256 876.16 385.280256
Taxi 849.92 291.20025599999997 926.72 366.71999999999997
Taxi 872.32 242.55974399999997 912.0 261.12
Taxi 885.76 283.520256 950.4 341.76
Taxi 904.32 246.399744 942.72 266.240256
Taxi 917.12 270.080256 974.08 319.359744
Taxi 926.72 261.12 984.96 303.36
Taxi 940.16 240.0 1003.52 295.68
Taxi 998.4 224.000256 1023.36 258.560256
