Taxi 0.0 680.69376 157.51633 847.167488
Taxi 39.19433 688.09216 376.41270000000003 961.849344
Taxi 115.36395 610.404352 308.37755 740.624384
Taxi 157.51633 574.150656 245.51882 654.797824
Taxi 240.3424 583.028736 352.74830000000003 663.675904
Taxi 277.31769 611.884032 452.58299 754.681856
Taxi 326.12585 567.491584 405.25352 625.202176
Taxi 371.97596 912.277504 669.26032 1023.259648
Taxi 378.63106999999997 540.855296 405.25352 565.271552
Taxi 408.95125 563.791872 465.1542 600.78592
Taxi 456.28005 537.155584 484.38186 560.09216
Taxi 468.11292 692.532224 669.26032 884.161536
Taxi 515.44172 567.491584 559.81247 597.087232
Taxi 524.31587 611.884032 658.1677999999999 734.705664
Taxi 547.24059 572.670976 616.01542 637.779968
