Taxi 69.12 968.32 177.279744 1023.36
Taxi 195.20025599999997 814.72 243.84 876.16
Taxi 261.759744 987.52 350.720256 1023.36
Taxi 289.280256 695.68 331.520256 730.88
Taxi 307.20000000000005 746.24 357.759744 797.44
Taxi 314.240256 676.48 345.6 702.72
Taxi 326.4 650.24 354.560256 676.48
Taxi 336.63974399999995 636.16 362.88 662.4
Taxi 336.63974399999995 690.56 369.920256 718.72
Taxi 348.800256 671.36 380.79974400000003 704.64
Taxi 369.920256 807.68 452.480256 869.12
Taxi 376.959744 631.04 399.99974399999996 652.16
Taxi 417.27974399999994 595.84 443.52 618.88
Taxi 419.199744 816.64 531.2002560000001 879.36
Taxi 433.280256 634.24 462.72 664.32
Taxi 438.39974400000006 725.12 476.799744 767.36
Taxi 443.52 528.64 464.64 537.6
Taxi 453.75974400000007 683.52 488.96025599999996 720.0
Taxi 457.599744 757.12 512.000256 793.6
Taxi 459.519744 574.08 481.91999999999996 593.28
Taxi 462.72 781.44 520.3199999999999 832.0
Taxi 472.959744 581.12 503.04 602.24
Taxi 480.0 525.44 506.24025599999993 542.72
Taxi 490.88025600000003 624.0 517.119744 659.2
Taxi 495.99974399999996 712.96 536.319744 748.16
Taxi 497.91974400000004 686.72 532.479744 725.12
Taxi 518.4000000000001 576.0 543.36 598.4
Taxi 536.319744 741.12 579.84 790.4
Taxi 557.439744 851.2 599.04 915.84
Taxi 586.880256 915.84 639.36 1002.88
Taxi 606.080256 874.24 660.48 938.88
Taxi 742.400256 823.68 767.360256 858.24
