Taxi 0.0 431.36 171.519744 570.88
Taxi 90.87974399999999 364.8 464.00025600000004 672.64
Taxi 183.68025599999999 362.88 248.319744 412.16
Taxi 189.440256 353.92 257.28000000000003 391.04
Taxi 261.12 400.0 332.79974400000003 446.72
Taxi 290.55974399999997 398.08 399.36 472.96
Taxi 357.12 427.52 449.91974400000004 487.04
Taxi 393.59999999999997 445.44 533.76 504.96
Taxi 428.799744 524.16 645.7597440000001 805.76
Taxi 440.96025599999996 455.68 595.2 527.36
Taxi 501.75974400000007 562.56 767.360256 869.12
Taxi 589.4399999999999 485.12 689.28 560.64
Taxi 654.72 504.96 767.360256 630.4
Taxi 694.400256 814.72 767.360256 1023.36
