Taxi 205.44 421.12 364.160256 536.96
Taxi 0.0 293.76 21.759744 336.0
Taxi 0.0 278.4 39.680256 323.84
Taxi 14.720256 243.2 44.799744000000004 263.04
Taxi 16.640256 304.64 78.08025599999999 362.24
Taxi 28.799999999999997 250.24 63.99974400000001 266.24
Taxi 30.72 271.36 65.91974400000001 304.64
Taxi 33.920255999999995 234.88 60.159744 254.08
Taxi 55.040256 252.16 93.440256 278.4
Taxi 56.960256 275.2 93.440256 313.6
Taxi 104.31974400000001 505.6 264.96 672.0
Taxi 159.999744 257.28 229.76025600000003 298.88
Taxi 193.28025599999998 293.76 264.96 348.16
Taxi 417.27974399999994 452.48 627.2002560000001 571.52
Taxi 436.479744 391.04 595.839744 482.56
Taxi 450.56025600000004 337.92 534.399744 405.76
Taxi 453.75974400000007 545.92 691.839744 725.76
Taxi 632.319744 535.04 765.440256 695.68
