Taxi 640.0 592.640256 980.48 759.680256
Taxi 334.08 588.800256 451.84 696.320256
Taxi 444.16 384.0 490.24 432.63974399999995
Taxi 508.8 386.559744 544.64 428.799744
Taxi 618.24 444.800256 683.52 499.20000000000005
Taxi 624.0 406.400256 677.76 462.08025599999996
Taxi 626.56 484.479744 670.08 550.400256
Taxi 650.24 567.680256 737.28 635.52
Taxi 680.96 584.960256 746.88 682.880256
Taxi 680.96 553.599744 754.56 593.28
Taxi 686.08 397.43999999999994 736.0 428.799744
Taxi 705.92 581.1202559999999 849.92 689.28
Taxi 725.76 447.36 790.4 496.640256
Taxi 755.84 382.719744 808.96 432.63974399999995
Taxi 811.52 576.0 899.2 636.800256
