Taxi 315.634688 349.97681400000005 569.32864 514.09083
Taxi 465.87392 359.204208 628.6336 479.1593730000001
Taxi 562.7392 361.18137 593.709056 405.341178
Taxi 580.530176 361.18137 654.331904 426.431544
Taxi 657.627136 362.500116 698.481664 415.226988
Taxi 692.550656 367.77318599999995 714.954752 419.840685
Taxi 705.071104 357.886419 733.405184 429.72745199999997
Taxi 720.226304 352.61334899999997 817.091584 446.204121
Taxi 851.356672 364.477278 1023.341568 554.295357
Taxi 852.67456 361.18137 931.74784 429.72745199999997
