Taxi 24.800256 446.40000000000003 336.0 576.0
Taxi 0.0 554.4000000000001 458.399744 767.199744
Taxi 474.399744 517.599744 832.799744 767.199744
Taxi 562.400256 363.20025599999997 643.999744 419.199744
Taxi 679.999488 369.6 760.000512 419.199744
Taxi 750.400512 352.79999999999995 805.600256 400.79999999999995
Taxi 877.599744 340.79999999999995 920.000512 368.79974400000003
Taxi 903.999488 331.20000000000005 925.599744 355.20000000000005
Taxi 922.399744 327.20025599999997 942.400512 340.79999999999995
Taxi 940.000256 316.79999999999995 958.400512 332.79974400000003
Taxi 953.6 323.199744 966.4 336.800256
