Taxi 0.0 275.0 204.8 516.025625
Taxi 0.0 185.89749999999998 318.72 422.43562499999996
Taxi 0.0 80.76937500000001 439.68 262.179375
Taxi 10.24 28.205000000000002 377.6 138.46125
Taxi 246.4 10.8975 446.08 91.02562499999999
Taxi 471.04 169.87187500000002 1022.08 453.84625
Taxi 472.32 74.35875 949.76 248.718125
Taxi 513.92 0.0 703.36 38.46125
Taxi 588.8 217.94875 1023.36 616.666875
Taxi 623.36 0.0 928.64 99.35875
Taxi 827.52 0.0 1023.36 99.35875
Taxi 893.44 32.05125 1023.36 168.59
Taxi 940.8 73.076875 1023.36 178.20499999999998
