Taxi 531.84 588.159744 664.96 702.080256
Taxi 0.0 482.559744 63.36 528.639744
Taxi 168.32 439.68 260.48 485.120256
Taxi 478.72 339.20025599999997 540.8 372.48
Taxi 492.16 335.36025600000005 528.0 355.20000000000005
Taxi 493.44 303.99974399999996 522.88 326.4
Taxi 498.56 323.840256 528.0 343.68
Taxi 520.96 336.63974399999995 556.8 367.359744
Taxi 526.08 474.24 613.12 554.88
Taxi 565.12 326.4 599.04 360.320256
Taxi 602.24 312.96 628.48 331.520256
Taxi 607.36 294.399744 625.92 309.12
Taxi 631.04 275.840256 649.6 291.84000000000003
Taxi 631.04 289.280256 650.88 310.400256
Taxi 633.6 302.720256 664.32 322.56
Taxi 762.24 461.43974399999996 892.8 560.64
Taxi 769.28 565.119744 901.76 672.639744
Taxi 818.56 330.24 855.68 357.759744
Taxi 819.84 411.519744 880.64 462.08025599999996
Taxi 828.8 377.600256 874.88 419.840256
Taxi 886.4 275.840256 904.96 290.55974399999997
