Taxi 154.24 189.318245 414.08 354.33269
Taxi 291.2 223.21684 760.32 684.36021
Taxi 392.96 170.7705 524.16 265.42928
Taxi 517.76 149.663595 609.92 209.78535999999997
Taxi 583.68 150.943175 633.6 191.87672
Taxi 587.52 182.28261 743.68 248.16043
Taxi 618.88 148.3847 650.24 174.60787000000002
Taxi 636.16 159.25770500000002 712.32 181.003715
Taxi 705.28 148.3847 750.08 165.65355
Taxi 711.04 160.53660000000002 769.92 224.495735
Taxi 860.8 140.07017 871.68 166.29334
Taxi 910.08 141.988855 933.76 185.480875
Taxi 949.76 202.109935 1023.36 339.62163000000004
