Taxi 581.84704 481.816203 653.617152 551.012982
Taxi 349.877248 193.495266 371.664896 216.560859
Taxi 413.95712 225.530698 442.15296 252.440898
Taxi 449.842176 251.15959 479.31904 276.787799
Taxi 466.502656 266.536652 501.106688 294.72816
Taxi 493.416448 352.39180100000004 543.398912 395.96037099999995
Taxi 495.97952 243.471059 525.456384 269.099268
Taxi 503.66976 311.38653 547.244032 345.985261
Taxi 517.767168 483.097511 574.157824 538.198536
Taxi 536.99072 265.255344 569.03168 298.57208399999996
Taxi 548.52608 313.949146 601.071616 348.54787699999997
Taxi 549.807104 280.632406 586.973184 313.949146
Taxi 633.111552 539.480527 698.473472 602.270083
Taxi 715.133952 451.06207900000004 795.875328 495.91195700000003
Taxi 780.495872 548.450366 858.673152 602.270083
Taxi 933.006336 640.712738 1020.15488 681.718692
Taxi 939.414528 457.469302 1022.717952 504.881796
Taxi 941.9776 599.707467 1022.717952 668.904246
