Taxi 0.0 433.795092 164.48 511.213088
Taxi 168.32 433.795092 244.48 482.421184
Taxi 178.56 432.515736 308.48 499.696104
Taxi 293.12 439.553584 414.72 514.4117560000001
Taxi 300.8 433.795092 336.0 456.18854799999997
Taxi 395.52 435.714404 453.12 478.58200400000004
Taxi 551.68 433.795092 579.2 464.50630800000005
Taxi 565.76 436.994316 640.64 477.30264800000003
Taxi 611.84 431.235824 653.44 464.50630800000005
Taxi 640.64 426.11728800000003 802.56 529.127964
Taxi 720.64 435.714404 783.36 472.184112
Taxi 776.96 443.392208 951.68 518.250936
Taxi 914.56 448.510744 1023.36 514.4117560000001
