Taxi 0.0 431.36025600000005 266.88 668.16
Taxi 0.0 689.28 304.64 767.360256
Taxi 110.72 356.480256 373.76 543.999744
Taxi 191.36 541.4399999999999 527.36 767.360256
Taxi 279.68 274.56 513.92 438.39974400000006
Taxi 328.96 405.12 614.4 661.760256
Taxi 389.76 209.28000000000003 586.88 380.15999999999997
Taxi 506.24 172.160256 663.68 312.320256
Taxi 526.08 339.20025599999997 730.88 546.560256
Taxi 582.4 282.24 779.52 442.23974400000003
Taxi 585.6 136.959744 720.0 261.12
Taxi 654.08 99.84 776.96 192.0
Taxi 672.64 185.600256 855.04 368.00025600000004
Taxi 701.44 60.159744 815.36 140.799744
Taxi 737.28 136.959744 897.28 298.239744
Taxi 792.96 34.56 908.16 120.96000000000001
Taxi 808.96 115.839744 951.68 255.999744
Taxi 852.48 0.0 954.24 67.839744
Taxi 869.76 101.12025600000001 993.92 206.720256
Taxi 885.76 51.84 1013.76 160.640256
Taxi 912.0 0.0 1003.52 39.039744
Taxi 974.08 28.160255999999997 1023.36 115.839744
