Taxi 118.023168 414.543584 284.444672 535.169544
Taxi 217.366528 389.059216 302.275584 441.727104
Taxi 247.085056 374.618608 311.615488 408.59728
Taxi 275.953664 365.274 319.256576 389.059216
Taxi 309.067776 408.59728 404.165632 507.98602400000004
Taxi 309.916672 378.86576 385.485824 420.489888
Taxi 319.256576 370.370728 366.806016 389.059216
Taxi 321.804288 364.424424 359.163904 381.414488
Taxi 384.636928 379.71533600000004 437.280768 428.98492000000005
Taxi 406.713344 395.85509600000006 511.151104 481.65208
Taxi 441.525248 379.71533600000004 506.056704 415.39315999999997
Taxi 491.621376 393.307096 601.15456 462.114016
Taxi 508.603392 372.919456 558.69952 400.951824
Taxi 545.963008 372.06988 594.361344 400.951824
Taxi 573.134848 391.60794400000003 660.590592 451.070984
Taxi 589.266944 369.52187999999995 639.363072 391.60794400000003
Taxi 635.966464 370.370728 681.817088 391.60794400000003
Taxi 641.910784 389.059216 714.083328 447.67340800000005
Taxi 679.2704 364.424424 729.366528 382.264064
Taxi 686.062592 379.71533600000004 757.38624 434.081648
Taxi 729.366528 364.424424 762.48064 377.16660800000005
Taxi 740.404224 378.86576 793.048064 422.18904
Taxi 776.914944 372.06988 827.012096 420.489888
Taxi 811.727872 370.370728 863.522816 410.29643200000004
Taxi 847.389696 372.919456 881.352704 406.04928
