Taxi 574.72 587.03346 666.88 670.2555150000001
Taxi 236.16 522.376425 323.2 596.63574
Taxi 274.56 480.76578 334.72 528.138405
Taxi 332.16 553.104945 421.76 625.443345
Taxi 384.0 476.28441 431.36 523.657035
Taxi 401.92 451.31786999999997 440.32 482.04639
Taxi 415.36 425.07148499999994 441.6 448.757415
Taxi 448.0 483.326235 496.0 526.857795
Taxi 449.28 413.54829 476.8 430.8327
Taxi 449.28 443.63574 487.68 471.1635
Taxi 449.28 559.5064649999999 532.48 651.6904949999999
Taxi 450.56 402.02509499999996 465.92 414.82813500000003
Taxi 464.0 456.439545 501.12 492.28897499999994
Taxi 470.4 400.104945 481.92 414.82813500000003
Taxi 476.8 412.26768 495.36 428.272245
Taxi 480.0 430.19239500000003 510.08 453.87832499999996
Taxi 496.64 408.426615 512.0 425.711025
Taxi 503.04 396.26388000000003 516.48 407.14677
Taxi 513.92 398.824335 529.28 410.98707
Taxi 523.52 452.59848000000005 556.16 483.326235
