Taxi 490.88 213.759936 688.64 462.079872
Taxi 0.0 209.279808 261.76 503.039808
Taxi 1.92 115.2 128.0 204.159744
Taxi 40.32 155.52 256.64 260.479872
Taxi 151.68 101.76019199999999 238.08 149.12006399999999
Taxi 151.68 227.840256 508.8 508.15987199999995
Taxi 185.6 85.120128 259.2 113.920128
Taxi 186.88 119.04019199999999 250.24 165.120192
Taxi 210.56 147.840192 382.72 268.160256
Taxi 366.72 127.999872 440.32 202.87987199999998
Taxi 373.76 81.27993599999999 415.36 110.079936
Taxi 375.04 102.400128 415.36 129.920256
Taxi 401.28 117.759744 550.4 241.92
Taxi 403.84 76.15987200000001 467.84 110.079936
Taxi 490.24 87.679872 519.04 122.879808
Taxi 506.24 111.999744 583.68 167.04
Taxi 507.52 74.240064 544.0 108.160128
Taxi 540.16 89.600256 592.64 134.399808
Taxi 561.28 76.799808 613.76 117.759744
Taxi 568.96 154.240128 672.64 243.199872
Taxi 599.04 95.360256 682.88 189.440064
Taxi 608.64 80.64000000000001 631.68 111.359808
Taxi 637.44 81.919872 682.88 111.359808
Taxi 652.8 78.080256 693.76 108.160128
Taxi 704.0 84.48019199999999 755.2 139.519872
Taxi 734.08 224.00006399999998 1006.08 485.119872
Taxi 782.72 88.959744 842.88 109.44
Taxi 827.52 106.880256 891.52 147.840192
Taxi 862.72 134.399808 978.56 230.4
Taxi 867.84 76.799808 935.04 129.279744
Taxi 906.24 171.520128 1023.36 370.55980800000003
Taxi 928.64 81.919872 996.48 113.280192
Taxi 935.04 105.599808 1023.36 220.79980799999998
