Taxi 273.42868 729.202688 422.80836 861.666304
Taxi 0.0 740.241408 155.22428 876.601344
Taxi 83.78212 649.33376 174.709 764.915712
Taxi 136.38964 584.400896 300.70688 682.44992
Taxi 153.92548 866.21184 314.99503999999996 1023.350784
Taxi 172.76011999999997 533.752832 303.95388 616.218624
Taxi 192.24483999999998 493.494272 333.82968 568.81664
Taxi 220.17176 445.443072 354.6132 518.817792
Taxi 384.489 598.685696 494.89992 705.176576
Taxi 391.63308 883.743744 629.99076 1023.350784
Taxi 394.88076 319.47264 473.467 372.068352
Taxi 398.77716 432.456704 457.87935999999996 497.389568
Taxi 402.02484 397.392896 512.43576 460.378112
Taxi 474.1164 514.272256 570.23848 598.685696
Taxi 493.60043999999994 762.968064 628.04188 901.275648
Taxi 535.1668 444.793856 608.55784 518.168576
Taxi 565.04328 396.74368 620.8978000000001 450.637824
Taxi 589.7232 666.866688 679.3506 787.642368
Taxi 620.8978000000001 170.774528 654.0212799999999 203.890688
Taxi 636.4854399999999 561.025024 679.3506 672.710656
Taxi 648.8254 478.559232 679.3506 550.63552
