Taxi 135.68 552.320256 254.72 632.319744
Taxi 0.0 567.680256 34.56 590.079744
Taxi 24.96 530.559744 92.8 576.0
Taxi 203.52 521.600256 280.32 566.4000000000001
Taxi 227.84 536.319744 301.44 588.800256
Taxi 272.64 517.760256 344.32 562.5600000000001
Taxi 426.88 416.64 446.72 432.63974399999995
Taxi 476.16 438.39974400000006 494.72 452.480256
Taxi 550.4 448.640256 566.4 463.359744
Taxi 575.36 458.24025599999993 596.48 478.08000000000004
Taxi 654.72 459.519744 673.28 476.799744
Taxi 818.56 529.280256 895.36 567.680256
Taxi 897.92 546.560256 1001.6 599.679744
Taxi 988.16 543.999744 1023.36 591.36
