Taxi 711.68 672.639744 1018.24 762.8797440000001
Taxi 0.0 648.320256 19.2 690.560256
Taxi 0.64 644.480256 44.16 677.1202559999999
Taxi 28.16 645.7597440000001 91.52 706.5600000000001
Taxi 74.24 645.7597440000001 162.56 674.559744
Taxi 178.56 661.119744 279.04 723.2002560000001
Taxi 202.24 643.839744 272.64 669.440256
Taxi 254.72 666.8797440000001 444.8 753.920256
Taxi 271.36 643.839744 371.84 693.12
Taxi 348.16 645.7597440000001 424.96 669.440256
Taxi 386.56 648.320256 499.84 706.5600000000001
Taxi 424.96 669.440256 728.96 767.360256
Taxi 547.84 650.88 736.64 718.08
Taxi 878.08 648.320256 1023.36 693.12
