Taxi 616.32 323.199744 963.2 607.359744
Taxi 84.48 332.15999999999997 238.72 412.79999999999995
Taxi 368.64 329.600256 455.68 384.0
Taxi 440.32 330.879744 501.12 378.24
Taxi 485.12 325.760256 540.8 376.959744
Taxi 518.4 327.03974400000004 559.36 368.00025600000004
Taxi 556.16 320.00025600000004 602.88 366.71999999999997
Taxi 588.16 325.760256 622.72 357.12
Taxi 613.12 323.199744 650.24 351.99974399999996
Taxi 638.72 314.88 673.92 350.720256
Taxi 657.28 312.320256 689.92 341.120256
Taxi 826.24 321.279744 954.88 478.719744
Taxi 885.76 317.439744 984.96 444.800256
Taxi 936.32 330.879744 1000.96 402.56025600000004
