Taxi 0.0 688.0 214.35548 771.84
Taxi 26.874464 715.52 174.04378400000002 800.0
Taxi 248.26791200000002 522.88 302.656308 571.52
Taxi 270.02357600000005 773.76 539.40692 885.76
Taxi 271.303276 487.68 321.852572 524.8
Taxi 278.34200799999996 498.56 318.65294 544.0
Taxi 293.698408 556.16 351.28643600000004 592.64
Taxi 328.891304 495.36 377.520668 520.32
Taxi 371.12216800000004 509.44 390.31843200000003 551.68
Taxi 412.713564 442.88 437.02862799999997 470.4
Taxi 429.98989600000004 435.84 444.06736 462.08
Taxi 515.091856 670.08 694.894672 755.84
