Taxi 0.0 460.672572 416.64 682.359346
Taxi 0.0 321.637677 475.52 490.786042
Taxi 1.92 331.248853 119.04 417.74465599999996
Taxi 370.56 324.20097599999997 540.16 415.82269399999996
Taxi 406.4 325.482284 449.28 356.877062
Taxi 490.24 324.20097599999997 806.4 514.492289
Taxi 496.64 324.20097599999997 556.16 364.565593
Taxi 496.64 321.637677 643.84 411.97808699999996
Taxi 741.12 313.308492 878.72 426.714495
Taxi 751.36 314.5898 794.88 339.578038
Taxi 823.68 322.918985 855.04 343.421962
Taxi 852.48 319.075061 895.36 359.439678
Taxi 862.72 330.608199 941.44 384.42791600000004
Taxi 944.0 324.20097599999997 1020.16 369.691508
Taxi 1007.36 315.87179100000003 1023.36 337.014739
