Taxi 0.0 12.832866000000001 446.72 320.825412
Taxi 328.96 21.174588 490.24 156.562812
Taxi 513.92 67.373316 605.44 116.78034600000001
Taxi 570.24 59.031936 624.0 118.705464
Taxi 625.28 53.898515999999994 676.48 86.62278599999999
Taxi 661.12 62.88183 717.44 109.080558
Taxi 705.28 60.31511999999999 856.32 175.17068999999998
Taxi 710.4 60.31511999999999 744.96 86.62278599999999
Taxi 839.04 56.465226 906.24 119.988648
Taxi 892.8 53.898515999999994 922.24 87.906312
Taxi 915.2 69.940026 960.0 97.53087599999999
Taxi 957.44 60.31511999999999 1002.24 100.097586
Taxi 983.68 51.332148000000004 1013.76 90.47268
Taxi 1004.8 61.598645999999995 1023.36 85.339602
