Taxi 24.96 531.84 657.28 767.360256
Taxi 0.0 524.7997439999999 167.04 764.16
Taxi 0.0 478.719744 172.8 573.440256
Taxi 115.84 503.679744 413.44 616.3199999999999
Taxi 217.6 477.440256 389.76 527.360256
Taxi 343.04 475.520256 413.44 503.679744
Taxi 375.04 481.280256 552.32 572.16
Taxi 392.32 474.24 469.12 491.52
Taxi 507.52 517.119744 730.88 689.919744
Taxi 508.8 481.280256 570.88 524.7997439999999
Taxi 537.6 475.520256 588.16 515.199744
Taxi 586.88 481.280256 672.64 519.680256
Taxi 634.24 495.36 764.16 599.04
Taxi 693.76 478.719744 727.04 511.359744
Taxi 722.56 491.52 799.36 563.199744
Taxi 730.88 478.719744 801.92 538.239744
Taxi 786.56 471.680256 839.04 524.7997439999999
