Taxi 164.48 342.399744 330.24 464.64
Taxi 0.0 243.20025599999997 51.84 284.15999999999997
Taxi 280.32 302.720256 415.36 408.320256
Taxi 403.84 320.64 562.56 419.840256
Taxi 772.48 159.35999999999999 830.72 209.91974399999998
Taxi 816.0 167.679744 885.12 220.160256
Taxi 837.12 117.12 871.68 138.24
Taxi 869.12 158.079744 926.08 201.60000000000002
Taxi 871.68 90.87974399999999 902.4 114.560256
Taxi 887.68 117.12 924.8 147.84
Taxi 888.96 68.480256 911.36 88.32000000000001
Taxi 895.36 150.399744 943.36 186.24
Taxi 908.8 85.760256 937.6 105.60000000000001
Taxi 924.8 142.07999999999998 960.64 171.519744
Taxi 932.48 108.15974400000002 967.04 136.959744
Taxi 932.48 131.84025599999998 970.88 161.91974399999998
