Taxi 2.122752 652.47232 86.335488 699.886592
Taxi 58.73664 885.296128 151.441408 924.218368
Taxi 116.058112 957.478912 220.085248 1015.507968
Taxi 260.422656 962.433024 361.619456 1019.045888
Taxi 349.589504 787.638272 451.493888 835.05152
Taxi 493.246464 290.852864 528.62976 363.035648
Taxi 507.400192 208.76288 546.322432 276.699136
Taxi 520.138752 461.401088 566.844416 545.614848
Taxi 541.36832 723.94752 654.596096 766.40768
Taxi 709.086208 803.206144 823.021568 852.035584
Taxi 898.742272 755.792896 1023.292416 810.283008
Taxi 975.878144 685.732864 1023.292416 729.609216
